object={
	name="asian_dynamic_farmland_objects_generator_1_0"
	clamp_to_water_level=no
	render_under_water=no
	generated_content=yes
	layer="farms_dynamic"
	pdxmesh="asian_province_subfarm_01_mesh"
	count=5
	transform="1095.671631 0.000000 3300.950195 0.000000 0.946417 0.000000 0.322946 0.000000 0.000000 0.000000
1097.400879 0.000000 3292.212891 0.000000 0.749505 0.000000 0.661999 0.000000 0.000000 0.000000
1100.552612 0.000000 3302.287842 0.000000 0.539209 0.000000 0.842172 1.000000 1.000000 1.000000
1098.351440 0.000000 3296.972656 0.000000 0.234424 0.000000 0.972134 1.000000 1.000000 1.000000
1105.939331 0.000000 3317.889404 0.000000 0.174830 0.000000 0.984599 1.000000 1.000000 1.000000
"}
object={
	name="asian_dynamic_farmland_objects_generator_1_1"
	clamp_to_water_level=no
	render_under_water=no
	generated_content=yes
	layer="farms_dynamic"
	pdxmesh="asian_province_subfarm_02_mesh"
	count=4
	transform="1110.477783 0.000000 3310.987061 0.000000 0.750296 0.000000 -0.661102 0.000000 0.000000 0.000000
1092.032593 0.000000 3307.705322 0.000000 0.842325 0.000000 -0.538970 0.000000 0.000000 0.000000
1097.063721 0.000000 3306.555664 0.000000 0.664288 0.000000 -0.747476 0.000000 0.000000 0.000000
1097.604492 0.000000 3303.548096 0.000000 0.635095 0.000000 -0.772434 1.000000 1.000000 1.000000
"}
object={
	name="asian_dynamic_farmland_objects_generator_1_2"
	clamp_to_water_level=no
	render_under_water=no
	generated_content=yes
	layer="farms_dynamic"
	pdxmesh="windmill_01_mesh"
	count=3
	transform="1103.130981 0.000000 3315.465576 0.000000 0.176631 0.000000 -0.984277 1.000000 1.000000 1.000000
1105.256958 0.000000 3310.808594 0.000000 0.066319 0.000000 -0.997799 1.000000 1.000000 1.000000
1101.506958 0.000000 3311.908203 0.000000 0.193194 0.000000 -0.981161 0.000000 0.000000 0.000000
"}
