object={
	name="asian_dynamic_forestry_objects_generator_2_0"
	clamp_to_water_level=no
	render_under_water=no
	generated_content=yes
	layer="forestry_dynamic"
	pdxmesh="generic_forestry_lumberpile_02_mesh"
	count=4
	transform="1064.015625 0.000000 3283.722412 0.000000 0.999842 0.000000 -0.017778 0.607843 0.607843 0.607843
1069.587769 0.000000 3283.865967 0.000000 0.193789 0.000000 0.981043 1.000000 1.000000 1.000000
1068.442261 0.000000 3282.606445 0.000000 0.169518 0.000000 -0.985527 1.000000 1.000000 1.000000
1090.310791 0.000000 3312.704834 0.000000 0.095115 0.000000 -0.995466 1.000000 1.000000 1.000000
"}
