object={
	name="asian_dynamic_mining_objects_generator_1_0"
	clamp_to_water_level=no
	render_under_water=no
	generated_content=yes
	layer="mines_dynamic"
	pdxmesh="asian_mining_coaldepo_01_mesh"
	count=12
	transform="557.374939 0.000000 2001.874756 0.000000 0.343051 0.000000 0.939317 0.000000 0.000000 0.000000
559.663208 0.000000 1986.964966 0.000000 0.586461 0.000000 0.809978 0.000000 0.000000 0.000000
560.918701 0.000000 1991.939331 0.000000 0.534237 0.000000 0.845334 0.000000 0.000000 0.000000
570.028503 0.000000 1990.051758 0.000000 0.485405 0.000000 0.874290 0.000000 0.000000 0.000000
567.819275 0.000000 1995.784058 0.000000 0.738384 0.000000 0.674380 0.000000 0.000000 0.000000
591.273132 0.000000 1998.871704 0.000000 0.022140 0.000000 0.999755 0.000000 0.000000 0.000000
578.500488 0.000000 1996.697144 0.000000 0.491848 0.000000 0.870681 0.000000 0.000000 0.000000
588.552612 0.000000 2003.147217 0.000000 0.863877 0.000000 0.503702 0.000000 0.000000 0.000000
590.220581 0.000000 1994.034058 0.000000 0.820404 0.000000 0.571784 0.000000 0.000000 0.000000
586.351440 0.000000 1997.832031 0.000000 0.604304 0.000000 0.796754 0.000000 0.000000 0.000000
593.260071 0.000000 2003.410278 0.000000 0.924893 0.000000 0.380227 0.000000 0.000000 0.000000
576.936157 0.000000 1999.562622 0.000000 0.468054 0.000000 0.883700 0.000000 0.000000 0.000000
"}
object={
	name="asian_dynamic_mining_objects_generator_1_1"
	clamp_to_water_level=no
	render_under_water=no
	generated_content=yes
	layer="mines_dynamic"
	pdxmesh="generic_rural_mining_coaldepo_02_mesh"
	count=13
	transform="557.516541 0.000000 1991.686401 0.000000 0.998547 0.000000 0.053890 0.000000 0.000000 0.000000
575.957886 0.000000 1997.852173 0.000000 0.838783 0.000000 -0.544466 0.000000 0.000000 0.000000
560.541992 0.000000 1999.538330 0.000000 0.993827 0.000000 -0.110939 0.000000 0.000000 0.000000
570.511597 0.000000 1997.463135 0.000000 0.961321 0.000000 -0.275431 0.000000 0.000000 0.000000
556.083374 0.000000 1997.014160 0.000000 0.971831 0.000000 0.235680 0.000000 0.000000 0.000000
563.863525 0.000000 2001.325806 0.000000 0.866597 0.000000 -0.499009 0.000000 0.000000 0.000000
559.145569 0.000000 1995.100952 0.000000 0.989937 0.000000 0.141506 0.000000 0.000000 0.000000
563.016052 0.000000 1997.804199 0.000000 0.948282 0.000000 0.317428 0.000000 0.000000 0.000000
573.032837 0.000000 1999.141235 0.000000 0.996769 0.000000 -0.080326 0.000000 0.000000 0.000000
583.671631 0.000000 2001.809692 0.000000 0.825523 0.000000 -0.564368 0.000000 0.000000 0.000000
590.007324 0.000000 2007.843384 0.000000 0.986342 0.000000 -0.164710 0.000000 0.000000 0.000000
582.424683 0.000000 1997.313232 0.000000 0.980380 0.000000 -0.197119 0.000000 0.000000 0.000000
588.526733 0.000000 1999.998901 0.000000 0.999993 0.000000 0.003805 0.000000 0.000000 0.000000
"}
object={
	name="asian_dynamic_mining_objects_generator_1_2"
	clamp_to_water_level=no
	render_under_water=no
	generated_content=yes
	layer="mines_dynamic"
	pdxmesh="generic_rural_mining_pile_01_mesh"
	count=0
}
object={
	name="asian_dynamic_mining_objects_generator_1_3"
	clamp_to_water_level=no
	render_under_water=no
	generated_content=yes
	layer="mines_dynamic"
	pdxmesh="generic_rural_mining_pile_02_mesh"
	count=4
	transform="562.789429 0.000000 1989.040405 0.000000 0.627343 0.000000 -0.778743 0.000000 0.000000 0.000000
585.400879 0.000000 1993.072266 0.000000 0.508001 0.000000 -0.861356 0.000000 0.000000 0.000000
576.513977 0.000000 1993.033936 0.000000 0.490268 0.000000 -0.871572 0.000000 0.000000 0.000000
579.837219 0.000000 2000.515259 0.000000 0.617772 0.000000 -0.786358 0.000000 0.000000 0.000000
"}
object={
	name="asian_dynamic_mining_objects_generator_1_4"
	clamp_to_water_level=no
	render_under_water=no
	generated_content=yes
	layer="mines_dynamic"
	pdxmesh="generic_rural_mining_entrance_01_mesh"
	count=8
	transform="567.637939 0.000000 1992.696533 0.000000 0.461728 0.000000 -0.887022 0.000000 0.000000 0.000000
562.842590 0.000000 1994.823120 0.000000 0.324223 0.000000 -0.945981 0.000000 0.000000 0.000000
552.763306 0.000000 1992.075317 0.000000 0.459123 0.000000 -0.888373 0.000000 0.000000 0.000000
565.993896 0.000000 1998.239258 0.000000 0.444406 0.000000 -0.895826 0.000000 0.000000 0.000000
573.524170 0.000000 1994.022827 0.000000 0.352384 0.000000 -0.935856 0.000000 0.000000 0.000000
554.288330 0.000000 2000.100952 0.000000 0.322150 0.000000 -0.946689 0.000000 0.000000 0.000000
570.462219 0.000000 1994.023193 0.000000 0.459233 0.000000 -0.888316 0.000000 0.000000 0.000000
581.119202 0.000000 1993.387329 0.000000 0.364628 0.000000 -0.931153 0.000000 0.000000 0.000000
"}
object={
	name="asian_dynamic_mining_objects_generator_1_5"
	clamp_to_water_level=no
	render_under_water=no
	generated_content=yes
	layer="mines_dynamic"
	pdxmesh="generic_rural_mining_entrance_02_mesh"
	count=1
	transform="564.463928 0.000000 1992.034912 0.000000 0.135024 0.000000 -0.990842 0.000000 0.000000 0.000000
"}
