object={
	name="asian_manorhouse"
	clamp_to_water_level=no
	render_under_water=no
	generated_content=no
	layer="cities"
	pdxmesh="asian_rural_manorhouse_01_mesh"
	count=1
	transform="797.368286 0.000000 2889.462891 0.000000 -0.694620 0.000000 0.719377 2.167159 2.167159 2.167159
"}
object={
	name="new_mapobject_2"
	clamp_to_water_level=no
	render_under_water=no
	generated_content=no
	layer="cities"
	pdxmesh="academic_cap_mesh"
	count=0
}
object={
	name="urban_asian_poor1"
	clamp_to_water_level=no
	render_under_water=no
	generated_content=no
	layer="cities"
	pdxmesh="asian_urban_residential_poor_01_mesh"
	count=6
	transform="976.301147 0.000000 2713.324463 0.000000 0.000000 0.000000 1.000000 1.364063 1.364063 1.364063
1081.076538 0.000000 2736.605713 0.000000 0.391885 0.000000 0.920014 2.782283 2.782283 2.782283
1023.458740 0.000000 2648.662109 0.000000 -0.041492 0.000000 0.999139 1.753953 1.753953 1.753953
1038.317261 0.000000 2664.254639 0.000000 -0.009033 0.000000 0.999959 1.461774 1.461774 1.461774
1038.810669 0.000000 2658.933350 0.000000 -0.009033 0.000000 0.999959 1.461774 1.461774 1.461774
1048.240967 0.000000 2665.625244 0.000000 -0.009033 0.000000 0.999959 1.461774 1.461774 1.461774
"}
object={
	name="urban_asian_poor3"
	clamp_to_water_level=no
	render_under_water=no
	generated_content=no
	layer="cities"
	pdxmesh="asian_urban_residential_rich_03_mesh"
	count=4
	transform="974.351196 0.000000 2707.876709 0.000000 0.000000 0.000000 1.000000 1.364063 1.364063 1.364063
1094.099609 0.000000 2748.897705 0.000000 -0.484399 0.000000 0.874847 1.816091 1.816091 1.816091
1020.636841 0.000000 2677.111572 0.000000 0.000000 0.000000 1.000000 1.792641 1.792641 1.792641
1043.193481 0.000000 2661.410156 0.000000 -0.009033 0.000000 0.999959 1.461774 1.461774 1.461774
"}
object={
	name="urban_euro_middle2"
	clamp_to_water_level=no
	render_under_water=no
	generated_content=no
	layer="cities"
	pdxmesh="european_urban_residential_mid_02_mesh"
	count=136
	transform="1128.999756 0.000000 2087.013428 0.000000 -0.698036 0.000000 -0.716063 1.588094 1.588094 1.588094
1084.940063 0.000000 2122.158936 0.000000 -0.695711 0.000000 0.718322 1.577772 1.577772 1.577772
1086.419678 0.000000 2121.552490 0.000000 -0.485160 0.000000 0.874426 1.577772 1.577772 1.577772
1087.728760 0.000000 2120.452881 0.000000 -0.423911 0.000000 0.905703 1.577772 1.577772 1.577772
1088.903931 0.000000 2119.241943 0.000000 -0.384925 0.000000 0.922947 1.577772 1.577772 1.577772
1090.009644 0.000000 2116.510010 0.000000 -0.091470 0.000000 0.995808 1.577772 1.577772 1.577772
1090.081787 0.000000 2114.802002 0.000000 -0.022810 0.000000 0.999739 1.577772 1.577772 1.577772
1089.981445 0.000000 2113.117432 0.000000 0.019820 0.000000 0.999803 1.577772 1.577772 1.577772
1089.666138 0.000000 2111.525635 0.000000 0.050302 0.000000 0.998734 1.577772 1.577772 1.577772
1089.256836 0.000000 2109.846680 0.000000 0.150095 0.000000 0.988671 1.577772 1.577772 1.577772
1088.529785 0.000000 2108.254395 0.000000 0.235736 0.000000 0.971817 1.577772 1.577772 1.577772
1096.058960 0.000000 2091.303955 0.000000 0.276428 0.000000 0.961035 1.577772 1.577772 1.577772
1094.956055 0.000000 2089.997803 0.000000 0.341828 0.000000 0.939762 1.577772 1.577772 1.577772
1093.742432 0.000000 2088.825684 0.000000 0.381570 0.000000 0.924339 1.577772 1.577772 1.577772
1092.432739 0.000000 2087.867188 0.000000 0.409583 0.000000 0.912273 1.577772 1.577772 1.577772
1090.995239 0.000000 2086.907959 0.000000 0.498908 0.000000 0.866655 1.577772 1.577772 1.577772
1089.382324 0.000000 2086.227539 0.000000 0.572580 0.000000 0.819848 1.577772 1.577772 1.577772
1099.057617 0.000000 2100.728271 0.000000 -0.060753 0.000000 0.998153 1.577772 1.577772 1.577772
1099.024292 0.000000 2099.019043 0.000000 0.007995 0.000000 0.999967 1.577772 1.577772 1.577772
1098.820435 0.000000 2097.344238 0.000000 0.050607 0.000000 0.998718 1.577772 1.577772 1.577772
1098.407593 0.000000 2095.774658 0.000000 0.081042 0.000000 0.996710 1.577772 1.577772 1.577772
1097.895752 0.000000 2094.124023 0.000000 0.180478 0.000000 0.983579 1.577772 1.577772 1.577772
1097.072144 0.000000 2092.579346 0.000000 0.265559 0.000000 0.964094 1.577772 1.577772 1.577772
1086.570679 0.000000 2105.915039 0.000000 0.257665 0.000000 0.966234 1.577772 1.577772 1.577772
1085.519531 0.000000 2104.566895 0.000000 0.323467 0.000000 0.946239 1.577772 1.577772 1.577772
1084.352295 0.000000 2103.348389 0.000000 0.363502 0.000000 0.931593 1.577772 1.577772 1.577772
1083.081055 0.000000 2102.339600 0.000000 0.391745 0.000000 0.920074 1.577772 1.577772 1.577772
1081.681885 0.000000 2101.325195 0.000000 0.481940 0.000000 0.876204 1.577772 1.577772 1.577772
1080.096802 0.000000 2100.582764 0.000000 0.556510 0.000000 0.830841 1.577772 1.577772 1.577772
1041.638916 0.000000 2106.043457 0.000000 -0.995786 0.000000 0.091710 1.574267 1.574267 1.574267
1041.942627 0.000000 2107.424805 0.000000 -0.994079 0.000000 0.108651 1.574267 1.574267 1.574267
1041.847412 0.000000 2103.001465 0.000000 -0.996612 0.000000 -0.082247 1.574267 1.574267 1.574267
1041.661621 0.000000 2104.402832 0.000000 -0.997867 0.000000 -0.065266 1.574267 1.574267 1.574267
1043.203735 0.000000 2100.522949 0.000000 -0.934767 0.000000 -0.355261 1.574267 1.574267 1.574267
1042.300171 0.000000 2101.609863 0.000000 -0.940680 0.000000 -0.339293 1.574267 1.574267 1.574267
1045.886963 0.000000 2099.209473 0.000000 -0.804248 0.000000 -0.594294 1.577772 1.577772 1.577772
1044.547119 0.000000 2099.669434 0.000000 -0.814250 0.000000 -0.580513 1.577772 1.577772 1.577772
1046.977051 0.000000 2098.930420 0.000000 -0.679872 0.000000 0.733331 1.577772 1.577772 1.577772
1048.385254 0.000000 2098.778076 0.000000 -0.667287 0.000000 0.744800 1.577772 1.577772 1.577772
1049.976685 0.000000 2098.673584 0.000000 -0.664110 0.000000 0.747635 1.577772 1.577772 1.577772
1051.377075 0.000000 2098.461182 0.000000 -0.651283 0.000000 0.758834 1.577772 1.577772 1.577772
1052.808838 0.000000 2098.232422 0.000000 -0.651283 0.000000 0.758834 1.577772 1.577772 1.577772
1054.015991 0.000000 2097.949463 0.000000 -0.597281 0.000000 0.802032 1.577772 1.577772 1.577772
1055.440430 0.000000 2097.602051 0.000000 -0.597281 0.000000 0.802032 1.577772 1.577772 1.577772
1056.759644 0.000000 2097.104004 0.000000 -0.546711 0.000000 0.837322 1.577772 1.577772 1.577772
1058.084229 0.000000 2096.548828 0.000000 -0.550779 0.000000 0.834651 1.577772 1.577772 1.577772
1059.447632 0.000000 2095.945557 0.000000 -0.550779 0.000000 0.834651 1.577772 1.577772 1.577772
1055.109253 0.000000 2052.299561 0.000000 0.510055 0.000000 0.860142 1.577772 1.577772 1.577772
1053.845337 0.000000 2051.660645 0.000000 0.524626 0.000000 0.851332 1.577772 1.577772 1.577772
1052.546021 0.000000 2051.016846 0.000000 0.524626 0.000000 0.851332 1.577772 1.577772 1.577772
1051.398438 0.000000 2050.547607 0.000000 0.582210 0.000000 0.813038 1.577772 1.577772 1.577772
1050.036377 0.000000 2050.004883 0.000000 0.582210 0.000000 0.813038 1.577772 1.577772 1.577772
1048.672974 0.000000 2049.645508 0.000000 0.631216 0.000000 0.775607 1.577772 1.577772 1.577772
1047.403931 0.000000 2049.522705 0.000000 0.696445 0.000000 0.717610 1.577772 1.577772 1.577772
1045.913330 0.000000 2049.496582 0.000000 0.696445 0.000000 0.717610 1.577772 1.577772 1.577772
1091.780396 0.000000 2094.584473 0.000000 0.331052 0.000000 0.943613 1.577772 1.577772 1.577772
1090.651855 0.000000 2093.160400 0.000000 0.345510 0.000000 0.938414 1.577772 1.577772 1.577772
1089.456665 0.000000 2091.801758 0.000000 0.361696 0.000000 0.932296 1.577772 1.577772 1.577772
1088.008911 0.000000 2090.979004 0.000000 0.456502 0.000000 0.889722 1.577772 1.577772 1.577772
1086.214966 0.000000 2089.924805 0.000000 0.507401 0.000000 0.861710 1.577772 1.577772 1.577772
1094.090576 0.000000 2103.281250 0.000000 -0.018843 0.000000 0.999822 1.577772 1.577772 1.577772
1094.167603 0.000000 2101.465820 0.000000 -0.003479 0.000000 0.999993 1.577772 1.577772 1.577772
1094.151367 0.000000 2099.656494 0.000000 0.013824 0.000000 0.999904 1.577772 1.577772 1.577772
1093.593750 0.000000 2098.087402 0.000000 0.117526 0.000000 0.993070 1.577772 1.577772 1.577772
1092.925293 0.000000 2096.116943 0.000000 0.174998 0.000000 0.984569 1.577772 1.577772 1.577772
1049.880493 0.000000 2119.545654 0.000000 -0.929088 0.000000 0.369857 1.577772 1.577772 1.577772
1049.171143 0.000000 2118.577637 0.000000 -0.955038 0.000000 0.296480 1.577772 1.577772 1.577772
1046.616333 0.000000 2113.477783 0.000000 -0.993306 0.000000 0.115505 1.577772 1.577772 1.577772
1047.035400 0.000000 2114.824707 0.000000 -0.984299 0.000000 0.176510 1.577772 1.577772 1.577772
1047.604614 0.000000 2115.964844 0.000000 -0.965158 0.000000 0.261669 1.577772 1.577772 1.577772
1048.373413 0.000000 2117.242432 0.000000 -0.965158 0.000000 0.261669 1.577772 1.577772 1.577772
1054.472290 0.000000 2112.964355 0.000000 -0.087626 0.000000 0.996153 1.577772 1.577772 1.577772
1051.014282 0.000000 2120.572510 0.000000 -0.934134 0.000000 0.356921 1.577772 1.577772 1.577772
1051.918213 0.000000 2119.534424 0.000000 -0.344995 0.000000 0.938604 1.577772 1.577772 1.577772
1052.715820 0.000000 2118.391357 0.000000 -0.269602 0.000000 0.962971 1.577772 1.577772 1.577772
1053.361816 0.000000 2117.137451 0.000000 -0.209735 0.000000 0.977758 1.577772 1.577772 1.577772
1053.755981 0.000000 2115.925537 0.000000 -0.123675 0.000000 0.992323 1.577772 1.577772 1.577772
1054.104126 0.000000 2114.475586 0.000000 -0.123675 0.000000 0.992323 1.577772 1.577772 1.577772
1048.647095 0.000000 2103.480957 0.000000 0.068001 0.000000 0.997685 1.577772 1.577772 1.577772
1048.638794 0.000000 2109.185059 0.000000 -0.116920 0.000000 0.993141 1.577772 1.577772 1.577772
1048.869385 0.000000 2107.793701 0.000000 -0.055484 0.000000 0.998460 1.577772 1.577772 1.577772
1048.873047 0.000000 2106.519043 0.000000 0.031794 0.000000 0.999494 1.577772 1.577772 1.577772
1048.760010 0.000000 2105.032471 0.000000 0.031794 0.000000 0.999494 1.577772 1.577772 1.577772
1052.924194 0.000000 2102.837891 0.000000 0.068001 0.000000 0.997685 1.577772 1.577772 1.577772
1052.502808 0.000000 2109.948730 0.000000 -0.116920 0.000000 0.993141 1.577772 1.577772 1.577772
1052.915894 0.000000 2108.541992 0.000000 -0.116920 0.000000 0.993141 1.577772 1.577772 1.577772
1053.146484 0.000000 2107.150635 0.000000 -0.055484 0.000000 0.998460 1.577772 1.577772 1.577772
1053.150146 0.000000 2105.875977 0.000000 0.031794 0.000000 0.999494 1.577772 1.577772 1.577772
1053.037109 0.000000 2104.389404 0.000000 0.031794 0.000000 0.999494 1.577772 1.577772 1.577772
1057.209106 0.000000 2101.260986 0.000000 0.095830 0.000000 0.995397 1.577772 1.577772 1.577772
1056.892212 0.000000 2109.588867 0.000000 -0.157770 0.000000 0.987475 1.577772 1.577772 1.577772
1057.185303 0.000000 2108.384277 0.000000 -0.089146 0.000000 0.996018 1.577772 1.577772 1.577772
1057.519287 0.000000 2106.956787 0.000000 -0.089146 0.000000 0.996018 1.577772 1.577772 1.577772
1057.671875 0.000000 2105.554688 0.000000 -0.027585 0.000000 0.999619 1.577772 1.577772 1.577772
1057.604370 0.000000 2104.281738 0.000000 0.059688 0.000000 0.998217 1.577772 1.577772 1.577772
1057.408447 0.000000 2102.803955 0.000000 0.059688 0.000000 0.998217 1.577772 1.577772 1.577772
1081.277100 0.000000 2089.839111 0.000000 0.510055 0.000000 0.860142 1.577772 1.577772 1.577772
1080.013184 0.000000 2089.200195 0.000000 0.524626 0.000000 0.851332 1.577772 1.577772 1.577772
1078.713867 0.000000 2088.556396 0.000000 0.524626 0.000000 0.851332 1.577772 1.577772 1.577772
1077.566284 0.000000 2088.087158 0.000000 0.582210 0.000000 0.813038 1.577772 1.577772 1.577772
1076.204224 0.000000 2087.544434 0.000000 0.582210 0.000000 0.813038 1.577772 1.577772 1.577772
1074.840820 0.000000 2087.185059 0.000000 0.631216 0.000000 0.775607 1.577772 1.577772 1.577772
1073.571777 0.000000 2087.062256 0.000000 0.696445 0.000000 0.717610 1.577772 1.577772 1.577772
1072.081177 0.000000 2087.036133 0.000000 0.696445 0.000000 0.717610 1.577772 1.577772 1.577772
1085.136230 0.000000 2084.881104 0.000000 0.468152 0.000000 0.883648 1.577772 1.577772 1.577772
1083.939453 0.000000 2084.123779 0.000000 0.483130 0.000000 0.875548 1.577772 1.577772 1.577772
1082.708008 0.000000 2083.358398 0.000000 0.483130 0.000000 0.875548 1.577772 1.577772 1.577772
1081.610718 0.000000 2082.781250 0.000000 0.542487 0.000000 0.840064 1.577772 1.577772 1.577772
1080.287964 0.000000 2082.151611 0.000000 0.542487 0.000000 0.840064 1.577772 1.577772 1.577772
1078.965210 0.000000 2081.663086 0.000000 0.593234 0.000000 0.805030 1.577772 1.577772 1.577772
1077.713989 0.000000 2081.419189 0.000000 0.661173 0.000000 0.750233 1.577772 1.577772 1.577772
1076.232666 0.000000 2081.250000 0.000000 0.661173 0.000000 0.750233 1.577772 1.577772 1.577772
1074.821655 0.000000 2081.038574 0.000000 0.627707 0.000000 0.778450 1.577772 1.577772 1.577772
956.468567 0.000000 2018.831909 0.000000 0.000000 0.000000 1.000000 2.921944 2.921944 2.921944
1216.944092 0.000000 2198.186279 0.000000 -0.943833 0.000000 -0.330422 1.543849 1.543849 1.543849
1217.685181 0.000000 2197.179443 0.000000 0.461410 0.000000 0.887187 1.541428 1.541428 1.541428
1207.954468 0.000000 2202.505127 0.000000 0.871772 0.000000 0.489912 1.824707 1.824707 1.824707
1144.756226 0.000000 2125.871094 0.000000 0.611322 0.000000 0.791382 1.326365 1.326365 1.326365
1143.347412 0.000000 2128.304932 0.000000 0.492601 0.000000 0.870255 1.326365 1.326365 1.326365
1142.849121 0.000000 2121.857178 0.000000 0.948115 0.000000 0.317927 1.326365 1.326365 1.326365
1137.651733 0.000000 2121.624756 0.000000 0.974075 0.000000 -0.226225 1.326365 1.326365 1.326365
1134.642700 0.000000 2125.139160 0.000000 0.836868 0.000000 -0.547404 1.326365 1.326365 1.326365
1038.254761 0.000000 2110.863525 0.000000 0.683969 0.000000 0.729511 1.726509 1.726509 1.726509
1030.820679 0.000000 2096.474854 0.000000 -0.364426 0.000000 0.931232 1.726509 1.726509 1.726509
1137.153687 0.000000 2097.308350 0.000000 0.778098 0.000000 0.628143 1.726509 1.726509 1.726509
1158.822998 0.000000 2099.503662 0.000000 0.548485 0.000000 0.836160 1.726509 1.726509 1.726509
1036.686279 0.000000 2106.733887 0.000000 0.994289 0.000000 -0.106720 1.835927 1.835927 1.835927
1033.217651 0.000000 2099.470703 0.000000 0.953948 0.000000 -0.299971 1.835927 1.835927 1.835927
1105.144165 0.000000 2185.652588 0.000000 -0.992180 -0.000000 -0.124815 1.326365 1.326365 1.326365
1199.042358 0.000000 2217.120850 0.000000 -0.011642 0.000000 0.999932 1.326365 1.326365 1.326365
1142.709229 0.000000 2096.704102 0.000000 0.999869 0.000000 0.016153 1.835927 1.835927 1.835927
1154.129272 0.000000 2097.764648 0.000000 0.988807 0.000000 0.149201 1.835927 1.835927 1.835927
1110.072144 0.000000 2182.282471 0.000000 0.577860 0.000000 0.816135 1.326365 1.326365 1.326365
1109.020508 0.000000 2184.082031 0.000000 -0.244978 0.000000 0.969528 1.326365 1.326365 1.326365
1252.898804 0.000000 2131.338867 0.000000 0.922720 0.000000 0.385469 1.326365 1.326365 1.326365
1203.377197 0.000000 2215.121826 0.000000 0.461911 0.000000 0.886926 1.326365 1.326365 1.326365
"}
object={
	name="wonder_big_ben"
	clamp_to_water_level=no
	render_under_water=no
	generated_content=no
	layer="cities"
	pdxmesh="wonder_big_ben_01_mesh"
	count=1
	transform="1032.959595 0.000000 2119.116455 0.000000 0.000000 0.000000 1.000000 4.182920 4.182920 4.182920
"}
object={
	name="wonder_observatory"
	clamp_to_water_level=no
	render_under_water=no
	generated_content=no
	layer="cities"
	pdxmesh="latin_rural_manorhouse_01_mesh"
	count=0
}
